sensor_0
NoiseModelA = { 4.7304095801938354e-07,4.3143624708413223e-07,4.3034160782043456e-07,4.78958189241442e-07 }
NoiseModelB = { -1.1043645923646136e-06,2.2373038508362027e-06,2.776338757442453e-06,-2.087555127520067e-06 }
NoiseModelC = { 3.936322358171607e-13,3.9393257908893874e-13,4.032948664421925e-13,3.927696392747753e-13 }
NoiseModelD = { 3.5114544298982767e-07,3.611112406264752e-07,3.6010746446945904e-07,3.536852605364386e-07 }

sensor_1
NoiseModelA = { 3.7678805462336205e-06,3.646109560064353e-06,3.6645046202259148e-06,3.690797100697473e-06 }
NoiseModelB = { -5.037166012587936e-06,9.62535004649011e-06,8.81409471110675e-06,7.0907904900681e-06 }
NoiseModelC = { 8.063269858052456e-13,-9.647033556852715e-12,-1.0155073268023566e-11,-5.888390407832644e-12 }
NoiseModelD = { 6.836887132185045e-07,5.9907684020024e-07,6.006697892773615e-07,6.039050091888176e-07 }

sensor_2
NoiseModelA = { 4.254594756005204e-06,4.294207096278011e-06,4.174073165123101e-06,4.015915297576244e-06 }
NoiseModelB = { 9.129583139309566e-06,4.285053004416846e-05,3.187521033647145e-05,3.0021356397653976e-05 }
NoiseModelC = { 2.6371978338352465e-11,2.541699796731198e-11,2.640072908958969e-11,4.166156846862213e-11 }
NoiseModelD = { 1.3364645149849499e-06,3.2615821409146805e-07,6.824546502413277e-07,1.1189424419723848e-06 }
